timestamp,experiment_id,service,scenario,replica_count,load_users,cpu_cores_value,mem_bytes_value,net_rx_bytes_value,net_tx_bytes_value,pod_restarts_value,replica_count_value,node_cpu_util_value,node_mem_util_value,network_activity_rate_value,processing_intensity_value,service_stability_value,resource_pressure_value,replica_change,replica_scaling_up,load_change,load_increasing,cpu_regime_encoded,time_idx,hour_pattern,growth_trend,cpu_cores_value_roll_mean,cpu_cores_value_lag_1,mem_bytes_value_roll_mean,mem_bytes_value_lag_1
t_0,paymentservice_browsing_replicas_4_users_75,paymentservice,browsing,4,75,0.000181523607058,0.0,0.1815236070580252,0.0,0.0,2.0,2.367362510370981,28.238832434809908,0.0,0.000181523607058,1.0,0.1064732297256865,0.0,0,0.0,0,0,0,0.24019237886466838,1.0,0.000181523607058,0.000181523607058,0.0,0.0
t_1,paymentservice_browsing_replicas_4_users_75,paymentservice,browsing,4,75,0.0002593759039582,18710528.0,0.2593759039582568,1871052.8,0.0,2.0,2.377495373165459,28.250395268951763,7.785229690023161e-05,0.0002593759039582,1.0,0.2632326314031876,0.0,0,0.0,0,0,1,0.23120186771259926,1.003030303030303,0.0002204497555081,0.000181523607058,9355264.0,0.0
t_2,paymentservice_browsing_replicas_4_users_75,paymentservice,browsing,4,75,0.0002905484466024,18853888.0,0.2905484466024343,1885388.8,0.0,2.0,2.3927741129379285,28.19921308626836,3.117254264417752e-05,0.0002905484466024,1.0,0.2823681908322869,0.0,0,0.0,0,0,2,0.2232937117686256,1.006060606060606,0.00024381598587286664,0.0002593759039582,12521472.0,18710528.0
t_3,paymentservice_browsing_replicas_4_users_75,paymentservice,browsing,4,75,0.0003282619910173,18948096.0,0.3282619910173557,1894809.6,0.0,2.0,2.391438011141446,28.223152344161235,3.771354441492133e-05,0.0003282619910173,1.0,0.3050485519686637,0.0,0,0.0,0,0,3,0.21649975438559943,1.009090909090909,0.00029272878052596663,0.0002905484466024,18837504.0,18853888.0
t_4,paymentservice_browsing_replicas_4_users_75,paymentservice,browsing,4,75,0.0004041104171605,19054592.0,0.4041104171605785,1905459.2,0.0,2.0,2.3843388250167976,28.248891360886404,7.584842614322286e-05,0.0004041104171605,1.0,0.3501700059569895,0.0,0,0.0,0,0,4,0.2108473524320174,1.0121212121212122,0.0003409736182600667,0.0003282619910173,18952192.0,18948096.0
t_5,paymentservice_browsing_replicas_4_users_75,paymentservice,browsing,4,75,0.0004611768553107,17874944.0,0.4611768553107292,1787494.4,0.0,2.0,2.382023873019648,28.353277373160765,5.7066438150150695e-05,0.0004611768553107,1.0,0.3766382689535607,0.0,0,0.0,0,0,5,0.20635926613556638,1.0151515151515151,0.0003978497544961667,0.0004041104171605,18625877.333333332,19054592.0
t_6,paymentservice_browsing_replicas_4_users_75,paymentservice,browsing,4,75,0.0004992767669393,18403328.0,0.4992767669393997,1840332.8,0.0,2.0,2.3854191359487658,28.35332668162192,3.809991162867055e-05,0.0004992767669393,1.0,0.4021232013650307,0.0,0,0.0,0,0,6,0.20305356743572017,1.018181818181818,0.0004548546798035,0.0004611768553107,18444288.0,17874944.0
t_7,paymentservice_browsing_replicas_4_users_75,paymentservice,browsing,4,75,0.0005530732350281,17571840.0,0.5530732350281339,1757184.0,0.0,2.0,2.372199690106328,28.36957381957393,5.379646808873406e-05,0.0005530732350281,1.0,0.4287406745384945,0.0,0,0.0,0,1,7,0.2009435672144173,1.0212121212121212,0.0005045089524260333,0.0004992767669393,17950037.333333332,18403328.0
t_8,paymentservice_browsing_replicas_4_users_75,paymentservice,browsing,4,75,0.0005928116817733,17723392.0,0.5928116817733764,1772339.2000000002,0.0,2.0,2.368288491169892,28.24415774861511,3.973844674524257e-05,0.0005928116817733,1.0,0.4529492318478468,0.0,0,0.0,0,1,8,0.2000377616978375,1.0242424242424242,0.0005483872279135666,0.0005530732350281,17899520.0,17571840.0
t_9,paymentservice_browsing_replicas_4_users_75,paymentservice,browsing,4,75,0.0006466077584044,18124800.0,0.6466077584044603,1812480.0,0.0,2.0,2.3570223914502435,28.209247358114283,5.379607663108391e-05,0.0006466077584044,1.0,0.4868868703714669,0.0,0,0.0,0,2,9,0.20033979824509762,1.0272727272727273,0.0005974975584019333,0.0005928116817733,17806677.333333332,17723392.0
t_10,paymentservice_browsing_replicas_4_users_75,paymentservice,browsing,4,75,0.0005276100400145,17936384.0,0.5276100400145509,1793638.4,0.0,2.0,2.356250740784631,28.26752995920464,-0.0001189977183899,0.0005276100400145,1.0,0.4159696613936048,0.0,0,0.0,0,1,10,0.20184846066162376,1.0303030303030303,0.0005890098267307334,0.0006466077584044,17928192.0,18124800.0
t_11,paymentservice_browsing_replicas_4_users_75,paymentservice,browsing,4,75,0.000512120544416,17866752.0,0.5121205444160071,1786675.2000000002,0.0,2.0,2.3525468175892,28.247190218976414,-1.54894955985438e-05,0.000512120544416,1.0,0.4064708059017099,0.0,0,0.0,0,0,11,0.20455767409633757,1.0333333333333334,0.0005621127809449667,0.0005276100400145,17975978.666666668,17936384.0
t_12,paymentservice_browsing_replicas_4_users_75,paymentservice,browsing,4,75,0.0005094266524498,18419712.0,0.5094266524498327,1841971.2,0.0,2.0,2.360620337652179,28.06102612386925,-2.6938919661744333e-06,0.0005094266524498,1.0,0.4081739289082055,0.0,0,0.0,0,0,12,0.20845652950293753,1.0363636363636364,0.0005163857456267667,0.000512120544416,18074282.666666668,17866752.0
t_13,paymentservice_browsing_replicas_4_users_75,paymentservice,browsing,4,75,0.0004675578236559,18202624.0,0.467557823655943,1820262.4,0.0,4.0,2.3907678137759945,28.47240661532176,-4.186882879388961e-05,0.0004675578236559,1.0,0.382326665474769,0.0,0,0.0,0,0,13,0.2135293275667779,1.0393939393939393,0.0004963683401739,0.0005094266524498,18163029.333333332,18419712.0
t_14,paymentservice_browsing_replicas_4_users_75,paymentservice,browsing,4,75,0.0004629677959932,18599936.0,0.4629677959932144,1859993.6,0.0,4.0,2.4154607265395924,28.515304976530416,-4.590027662728616e-06,0.0004629677959932,1.0,0.381993434796211,0.0,0,0.0,0,0,14,0.21975564192046798,1.0424242424242425,0.00047998409069963333,0.0004675578236559,18407424.0,18202624.0
t_15,paymentservice_browsing_replicas_4_users_75,paymentservice,browsing,4,75,0.0004602650501178,19021824.0,0.4602650501178736,1902182.4,0.0,4.0,2.4128371045584918,28.62346308608346,-2.702745875340809e-06,0.0004602650501178,1.0,0.3829131165458089,0.0,0,0.0,0,0,15,0.22711040139364452,1.0454545454545454,0.0004635968899223,0.0004629677959932,18608128.0,18599936.0
t_16,paymentservice_browsing_replicas_4_users_75,paymentservice,browsing,4,75,0.0004549183117683,19460096.0,0.4549183117683413,1946009.6,0.0,4.0,2.419729216515691,28.5893169767306,-5.346738349532271e-06,0.0004549183117683,1.0,0.3823792373781617,0.0,0,0.0,0,0,16,0.2355639909657254,1.0484848484848486,0.0004593837192931,0.0004602650501178,19027285.333333332,19021824.0
t_17,paymentservice_browsing_replicas_4_users_75,paymentservice,browsing,4,75,0.0004823996539366,18989056.0,0.4823996539366465,1898905.6,0.0,4.0,2.427961513626201,28.64893090627227,2.748134216830518e-05,0.0004823996539366,1.0,0.3957016744654398,0.0,0,0.0,0,0,17,0.24508237101514568,1.0515151515151515,0.0004658610052742333,0.0004549183117683,19156992.0,19460096.0
t_18,paymentservice_browsing_replicas_4_users_75,paymentservice,browsing,4,75,0.0006127967456779,19316736.0,0.6127967456779115,1931673.6,0.0,4.0,2.4347520646362426,28.660617011567027,0.0001303970917412,0.0006127967456779,1.0,0.4741321093916915,0.0,0,0.0,0,1,18,0.2556272143848993,1.0545454545454545,0.0005167049037942667,0.0004823996539366,19255296.0,18989056.0
t_19,paymentservice_browsing_replicas_4_users_75,paymentservice,browsing,4,75,0.0006966662138941,27783168.0,0.6966662138941329,2778316.8000000003,0.0,4.0,2.441903964679355,28.69732716090016,8.386946821622131e-05,0.0006966662138941,1.0,0.5735959585540302,0.0,0,0.0,0,2,19,0.26715606071247294,1.0575757575757576,0.0005972875378362,0.0006127967456779,22029653.333333332,19316736.0
t_20,paymentservice_browsing_replicas_4_users_75,paymentservice,browsing,4,75,0.000723831415507,28004352.0,0.7238314155070545,2800435.2,0.0,4.0,2.4503921220022704,28.78502225907208,2.716520161292167e-05,0.000723831415507,1.0,0.5908430845143784,0.0,0,0.0,0,2,20,0.27962248740274004,1.0606060606060606,0.0006777647916929999,0.0006966662138941,25034752.0,27783168.0
t_21,paymentservice_browsing_replicas_4_users_75,paymentservice,browsing,4,75,0.0007531746629883,27860992.0,0.7531746629883467,2786099.2,0.0,4.0,2.44129038311722,28.596935133979716,2.9343247481292112e-05,0.0007531746629883,1.0,0.607203247809657,0.0,0,0.0,0,2,21,0.2929762965553664,1.0636363636363637,0.0007245574307964666,0.000723831415507,27882837.333333332,28004352.0
t_22,paymentservice_browsing_replicas_4_users_75,paymentservice,browsing,4,75,0.0008524377795512,27717632.0,0.8524377795512332,2771763.2,0.0,4.0,2.3967380903877427,28.591535857482768,9.926311656288656e-05,0.0008524377795512,1.0,0.6645751252492825,0.0,0,0.0,0,2,22,0.3071637170940382,1.0666666666666667,0.0007764812860154999,0.0007531746629883,27860992.0,27860992.0
t_23,paymentservice_browsing_replicas_4_users_75,paymentservice,browsing,4,75,0.0005066292196305,27213824.0,0.5066292196305145,2721382.4000000004,0.0,4.0,2.3813051342358733,28.564095698847595,-0.0003458085599207,0.0005066292196305,1.0,0.4587486607761764,0.0,0,0.0,0,0,23,0.3221276212836079,1.0696969696969696,0.0007040805540566667,0.0008524377795512,27597482.666666668,27717632.0
t_24,paymentservice_browsing_replicas_4_users_75,paymentservice,browsing,4,75,0.0005154754487789,26312704.0,0.515475448778906,2631270.4000000004,0.0,4.0,2.440206333214803,28.38022444718436,8.846229148391413e-06,0.0005154754487789,1.0,0.4585869888879256,0.0,0,0.0,0,0,24,0.3378077547633207,1.0727272727272728,0.0006248474826535333,0.0005066292196305,27081386.666666668,27213824.0
t_25,paymentservice_browsing_replicas_4_users_75,paymentservice,browsing,4,75,0.0005381750149399,26832896.0,0.5381750149399687,2683289.6,0.0,4.0,2.45275972121901,28.551965817402376,2.2699566161062636e-05,0.0005381750149399,1.0,0.4749901608264401,0.0,0,0.0,0,1,25,0.3541409791698594,1.0757575757575757,0.0005200932277831,0.0005154754487789,26786474.666666668,26312704.0
t_26,paymentservice_browsing_replicas_4_users_75,paymentservice,browsing,4,75,0.0005606618676824,27136000.0,0.5606618676824827,2713600.0,0.0,4.0,2.459241562802802,28.470878053025828,2.2486852742514027e-05,0.0005606618676824,1.0,0.4899795918563356,0.0,0,0.0,0,1,26,0.3710615263732486,1.0787878787878789,0.0005381041104670667,0.0005381750149399,26760533.333333332,26832896.0
t_27,paymentservice_browsing_replicas_4_users_75,paymentservice,browsing,4,75,0.0005671299618265,26845184.0,0.5671299618265839,2684518.4000000004,0.0,4.0,2.463254131402408,28.518214175738805,6.468094144101294e-06,0.0005671299618265,1.0,0.4920467346777654,0.0,0,0.0,0,1,27,0.3885012633019017,1.0818181818181818,0.0005553222814829333,0.0005606618676824,26938026.666666668,27136000.0
t_28,paymentservice_browsing_replicas_4_users_75,paymentservice,browsing,4,75,0.0005657311507864,27254784.0,0.5657311507864299,2725478.4000000004,0.0,4.0,2.466288125716119,28.507563548128388,-1.3988110401540923e-06,0.0005657311507864,1.0,0.4936582826661356,0.0,0,0.0,0,1,28,0.4063899662904538,1.084848484848485,0.0005645076600984334,0.0005671299618265,27078656.0,26845184.0
t_29,paymentservice_browsing_replicas_4_users_75,paymentservice,browsing,4,75,0.0005856410573759,27643904.0,0.5856410573759502,2764390.4000000004,0.0,4.0,2.459241562802845,28.463679017696563,1.990990658952028e-05,0.0005856410573759,1.0,0.5076469232382549,0.0,0,0.0,0,1,29,0.42465560384567624,1.087878787878788,0.0005728340566629333,0.0005657311507864,27247957.333333332,27254784.0
t_30,paymentservice_browsing_replicas_4_users_75,paymentservice,browsing,4,75,0.0005885372448579,27336704.0,0.5885372448579196,2733670.4000000004,0.0,4.0,2.466133795582934,28.456233440061496,2.896187481969464e-06,0.0005885372448579,1.0,0.5075216722307688,0.0,0,0.0,0,1,30,0.443224626691877,1.0909090909090908,0.0005799698176734,0.0005856410573759,27411797.333333332,27643904.0
t_31,paymentservice_browsing_replicas_4_users_75,paymentservice,browsing,4,75,0.0005903293105779,27623424.0,0.5903293105779104,2762342.4000000004,0.0,4.0,2.466133795582934,28.456233440061496,1.792065719990782e-06,0.0005903293105779,1.0,0.510275231320416,0.0,0,0.0,0,1,31,0.46202226392787527,1.093939393939394,0.0005881692042705666,0.0005885372448579,27534677.333333332,27336704.0
t_32,paymentservice_browsing_replicas_4_users_75,paymentservice,browsing,4,75,0.0005768829038499,28721152.0,0.5768829038499282,2872115.2,0.0,4.0,2.466133795582934,28.456233440061496,-1.3446406727982206e-05,0.0005768829038499,1.0,0.5089060268622441,0.0,0,0.0,0,1,32,0.48097282410303066,1.096969696969697,0.0005852498197619,0.0005903293105779,27893760.0,27623424.0
t_33,paymentservice_browsing_replicas_4_users_75,paymentservice,browsing,4,75,0.0005848251605137,28934144.0,0.5848251605137827,2893414.4000000004,0.0,4.0,2.466133795582934,28.456233440061496,7.942256663854598e-06,0.0005848251605137,1.0,0.514829234873069,0.0,0,0.0,0,1,33,0.5,1.1,0.0005840124583138334,0.0005768829038499,28426240.0,28721152.0
t_34,paymentservice_browsing_replicas_4_users_75,paymentservice,browsing,4,75,0.0005739175131738,28626944.0,0.5739175131738811,2862694.4000000004,0.0,4.0,2.466133795582934,28.456233440061496,-1.090764733990173e-05,0.0005739175131738,1.0,0.5066073021176563,0.0,0,0.0,0,1,34,0.5190271758969693,1.103030303030303,0.0005785418591791333,0.0005848251605137,28760746.666666668,28934144.0
t_35,paymentservice_browsing_replicas_4_users_75,paymentservice,browsing,4,75,0.0005471316427205,28651520.0,0.5471316427205379,2865152.0,0.0,4.0,2.466133795582934,28.456233440061496,-2.6785870453343172e-05,0.0005471316427205,1.0,0.4910418889573884,0.0,0,0.0,0,1,35,0.5379777360721247,1.106060606060606,0.000568624772136,0.0005739175131738,28737536.0,28626944.0
t_36,paymentservice_browsing_replicas_4_users_75,paymentservice,browsing,4,75,0.0005698975538937,27230208.0,0.5698975538937737,2723020.8000000003,0.0,4.0,2.466133795582934,28.456233440061496,2.2765911173235824e-05,0.0005698975538937,1.0,0.4959561777220865,0.0,0,0.0,0,1,36,0.556775373308123,1.1090909090909091,0.0005636489032626667,0.0005471316427205,28169557.333333332,28651520.0
t_37,paymentservice_browsing_replicas_4_users_75,paymentservice,browsing,4,75,0.000570468759564,26517504.0,0.5704687595640416,2651750.4000000004,0.0,4.0,2.466133795582934,28.456233440061496,5.712056702679175e-07,0.000570468759564,1.0,0.4920594968310284,0.0,0,0.0,0,1,37,0.5753443961543239,1.112121212121212,0.0005624993187260666,0.0005698975538937,27466410.666666668,27230208.0
t_38,paymentservice_browsing_replicas_4_users_75,paymentservice,browsing,4,75,0.0006183325452895,26181632.0,0.6183325452895111,2618163.2,0.0,4.0,2.466133795582934,28.456233440061496,4.786378572546948e-05,0.0006183325452895,1.0,0.5181398870609422,0.0,0,0.0,0,1,38,0.593610033709546,1.1151515151515152,0.0005862329529157333,0.000570468759564,26643114.666666668,26517504.0
t_39,paymentservice_browsing_replicas_4_users_75,paymentservice,browsing,4,75,0.0005737946556479,25841664.0,0.5737946556479533,2584166.4000000004,0.0,4.0,2.466133795582934,28.456233440061496,-4.453788964155778e-05,0.0005737946556479,1.0,0.4899974703113996,0.0,0,0.0,0,1,39,0.6114987366980982,1.1181818181818182,0.0005875319868338,0.0006183325452895,26180266.666666668,26181632.0
t_40,paymentservice_browsing_replicas_4_users_75,paymentservice,browsing,4,75,0.0005767368834227,26214400.0,0.5767368834227397,2621440.0,0.0,4.0,2.466133795582934,28.456233440061496,2.942227774786364e-06,0.0005767368834227,1.0,0.4939363857197257,0.0,0,0.0,0,1,40,0.6289384736267515,1.121212121212121,0.0005896213614533666,0.0005737946556479,26079232.0,25841664.0
t_41,paymentservice_browsing_replicas_4_users_75,paymentservice,browsing,4,75,0.0005823080361748,25870336.0,0.5823080361748219,2587033.6,0.0,4.0,2.466133795582934,28.456233440061496,5.571152752082147e-06,0.0005823080361748,1.0,0.4951612615729462,0.0,0,0.0,0,1,41,0.6458590208301406,1.1242424242424243,0.0005776131917484668,0.0005767368834227,25975466.666666668,26214400.0
t_42,paymentservice_browsing_replicas_4_users_75,paymentservice,browsing,4,75,0.0005754914188346,25313280.0,0.5754914188346477,2531328.0,0.0,4.0,2.466133795582934,28.456233440061496,-6.816617340174081e-06,0.0005754914188346,1.0,0.48785539984835,0.0,0,0.0,0,1,42,0.6621922452366793,1.1272727272727272,0.0005781787794773667,0.0005823080361748,25799338.666666668,25870336.0
t_43,paymentservice_browsing_replicas_4_users_75,paymentservice,browsing,4,75,0.0005394278608737,25423872.0,0.5394278608737292,2542387.2,0.0,4.0,2.466133795582934,28.456233440061496,-3.6063557960918594e-05,0.0005394278608737,1.0,0.4673588557906146,0.0,0,0.0,0,1,43,0.6778723787163923,1.1303030303030304,0.0005657424386277,0.0005754914188346,25535829.333333332,25313280.0
t_44,paymentservice_browsing_replicas_4_users_75,paymentservice,browsing,4,75,0.0005602083995792,25354240.0,0.5602083995792875,2535424.0,0.0,4.0,2.466133795582934,28.456233440061496,2.078053870555833e-05,0.0005602083995792,1.0,0.4791343004143227,0.0,0,0.0,0,1,44,0.6928362829059618,1.1333333333333333,0.0005583758930958332,0.0005394278608737,25363797.333333332,25423872.0
t_45,paymentservice_browsing_replicas_4_users_75,paymentservice,browsing,4,75,0.0005394146243528,24723456.0,0.5394146243528886,2472345.6,0.0,4.0,2.466133795582934,28.456233440061496,-2.079377522639888e-05,0.0005394146243528,1.0,0.4631923292828975,0.0,0,0.0,0,1,45,0.7070237034446335,1.1363636363636362,0.0005463502949352334,0.0005602083995792,25167189.333333332,25354240.0
t_46,paymentservice_browsing_replicas_4_users_75,paymentservice,browsing,4,75,0.0005095936906391,25124864.0,0.5095936906391797,2512486.4,0.0,4.0,2.466133795582934,28.456233440061496,-2.9820933713708956e-05,0.0005095936906391,1.0,0.4480841533490606,0.0,0,0.0,0,0,46,0.72037751259726,1.1393939393939394,0.0005364055715237,0.0005394146243528,25067520.0,24723456.0
t_47,paymentservice_browsing_replicas_4_users_75,paymentservice,browsing,4,75,0.000474850432085,25571328.0,0.4748504320850873,2557132.8000000003,0.0,4.0,2.466133795582934,28.456233440061496,-3.4743258554092364e-05,0.000474850432085,1.0,0.4303562953882426,0.0,0,0.0,0,0,47,0.732843939287527,1.1424242424242423,0.0005079529156923,0.0005095936906391,25139882.666666668,25124864.0
t_48,paymentservice_browsing_replicas_4_users_75,paymentservice,browsing,4,75,0.0004957741723321,25825280.0,0.4957741723321718,2582528.0,0.0,4.0,2.466133795582934,28.456233440061496,2.09237402470845e-05,0.0004957741723321,1.0,0.4441370349904447,0.0,0,0.0,0,0,48,0.7443727856151007,1.1454545454545455,0.0004934060983520667,0.000474850432085,25507157.333333332,25571328.0
t_49,paymentservice_browsing_replicas_4_users_75,paymentservice,browsing,4,75,0.0003843619220472,25489408.0,0.3843619220472444,2548940.8000000003,10.0,4.0,2.466133795582934,28.456233440061496,-0.0001114122502849,0.0003843619220472,0.0909090909090909,0.3767935766819654,0.0,0,0.0,0,0,49,0.7549176289848543,1.1484848484848484,0.0004516621754881,0.0004957741723321,25628672.0,25825280.0
t_50,paymentservice_browsing_replicas_4_users_75,paymentservice,browsing,4,75,0.0004091952496518,0.0,0.4091952496518292,0.0,10.0,4.0,2.466133795582934,28.456233440061496,2.483332760458483e-05,0.0004091952496518,1.0,0.2400147315545132,0.0,0,0.0,0,0,50,0.7644360090342746,1.1515151515151516,0.00042977711467703333,0.0003843619220472,17104896.0,25489408.0
t_51,paymentservice_browsing_replicas_4_users_75,paymentservice,browsing,4,75,0.0004180786578297,21733376.0,0.4180786578297325,2173337.6,10.0,4.0,2.466133795582934,28.456233440061496,8.883408177903318e-06,0.0004180786578297,1.0,0.3742685633317605,0.0,0,0.0,0,0,51,0.7728895986063555,1.1545454545454545,0.0004038786098429,0.0004091952496518,15740928.0,0.0
t_52,paymentservice_browsing_replicas_4_users_75,paymentservice,browsing,4,75,0.0004955594360172,18989056.0,0.4955594360172449,1898905.6,10.0,4.0,2.466133795582934,28.456233440061496,7.748077818751236e-05,0.0004955594360172,1.0,0.4034205850981469,0.0,0,0.0,0,0,52,0.780244358079532,1.1575757575757577,0.0004409444478329,0.0004180786578297,13574144.0,21733376.0
t_53,paymentservice_browsing_replicas_4_users_75,paymentservice,browsing,4,75,0.0005128140633662,19054592.0,0.5128140633662723,1905459.2,10.0,4.0,2.466133795582934,28.456233440061496,1.7254627349027403e-05,0.0005128140633662,1.0,0.4139304637952853,0.0,0,0.0,0,0,53,0.7864706724332221,1.1606060606060606,0.0004754840524043667,0.0004955594360172,19925674.666666668,18989056.0
t_54,paymentservice_browsing_replicas_4_users_75,paymentservice,browsing,4,75,0.0005516674403613,18952192.0,0.5516674403613314,1895219.2,10.0,4.0,2.466133795582934,28.456233440061496,3.885337699505913e-05,0.0005516674403613,1.0,0.4361120252815125,0.0,0,0.0,0,1,54,0.7915434704970625,1.1636363636363636,0.0005200136465815667,0.0005128140633662,18998613.333333332,19054592.0
t_55,paymentservice_browsing_replicas_4_users_75,paymentservice,browsing,4,75,0.0005939011879539,17723392.0,0.5939011879539623,1772339.2000000002,10.0,4.0,2.466133795582934,28.456233440061496,4.223374759263084e-05,0.0005939011879539,1.0,0.4535882850472248,0.0,0,0.0,0,1,55,0.7954423259036625,1.1666666666666667,0.0005527942305604667,0.0005516674403613,18576725.333333332,18952192.0
t_56,paymentservice_browsing_replicas_4_users_75,paymentservice,browsing,4,75,0.0006039196121456,18235392.0,0.6039196121456031,1823539.2,10.0,4.0,2.466133795582934,28.456233440061496,1.0018424191640782e-05,0.0006039196121456,1.0,0.4625046536835098,0.0,0,0.0,0,1,56,0.7981515393383762,1.1696969696969697,0.0005831627468202667,0.0005939011879539,18303658.666666668,17723392.0
t_57,paymentservice_browsing_replicas_4_users_75,paymentservice,browsing,4,75,0.0006366352941176,17940480.0,0.636635294117647,1794048.0,10.0,4.0,2.466133795582934,28.456233440061496,3.271568197204394e-05,0.0006366352941176,1.0,0.4799430795817879,0.0,0,0.0,0,1,57,0.7996602017549024,1.1727272727272728,0.0006114853647390334,0.0006039196121456,17966421.333333332,18235392.0
t_58,paymentservice_browsing_replicas_4_users_75,paymentservice,browsing,4,75,0.000427621900236,17596416.0,0.4276219002360215,1759641.6,10.0,4.0,2.466133795582934,28.456233440061496,-0.0002090133938816,0.000427621900236,1.0,0.3553027299714702,0.0,0,0.0,0,0,58,0.7999622383021625,1.1757575757575758,0.0005560589354997334,0.0006366352941176,17924096.0,17940480.0
t_59,paymentservice_browsing_replicas_4_users_75,paymentservice,browsing,4,75,0.000409286191643,18132992.0,0.409286191643064,1813299.2,10.0,4.0,2.466133795582934,28.456233440061496,-1.8335708592957497e-05,0.000409286191643,1.0,0.347733816356232,0.0,0,0.0,0,0,59,0.7990564327855827,1.1787878787878787,0.0004911811286655333,0.000427621900236,17889962.666666668,17596416.0
t_60,paymentservice_browsing_replicas_4_users_75,paymentservice,browsing,4,75,0.0003983230639966,18345984.0,0.3983230639966392,1834598.4,10.0,4.0,2.466133795582934,28.456233440061496,-1.0963127646424851e-05,0.0003983230639966,1.0,0.3425680130844784,0.0,0,0.0,0,0,60,0.7969464325642798,1.1818181818181819,0.0004117437186252,0.000409286191643,18025130.666666668,18132992.0
t_61,paymentservice_browsing_replicas_4_users_75,paymentservice,browsing,4,75,0.0003698751627425,17674240.0,0.3698751627425173,1767424.0,10.0,4.0,2.466133795582934,28.456233440061496,-2.844790125412181e-05,0.0003698751627425,1.0,0.3218932883122213,0.0,0,0.0,0,0,61,0.7936407338644336,1.1848484848484848,0.0003924948061273667,0.0003983230639966,18051072.0,18345984.0
t_62,paymentservice_browsing_replicas_4_users_75,paymentservice,browsing,4,75,0.0003605517392001,18190336.0,0.3605517392001695,1819033.6,10.0,4.0,2.466133795582934,28.456233440061496,-9.323423542347889e-06,0.0003605517392001,1.0,0.3194889569520966,0.0,0,0.0,0,0,62,0.7891526475679826,1.187878787878788,0.0003762499886464,0.0003698751627425,18070186.666666668,17674240.0
t_63,paymentservice_browsing_replicas_4_users_75,paymentservice,browsing,4,75,0.0003644967697947,18595840.0,0.3644967697947114,1859584.0,10.0,4.0,2.466133795582934,28.456233440061496,3.945030594541918e-06,0.0003644967697947,1.0,0.3242106314292934,0.0,0,0.0,0,0,63,0.7835002456144005,1.190909090909091,0.00036497455724576673,0.0003605517392001,18153472.0,18190336.0
t_64,paymentservice_browsing_replicas_4_users_75,paymentservice,browsing,4,75,0.0003709960040535,18333696.0,0.3709960040535642,1833369.6,10.0,4.0,2.466133795582934,28.456233440061496,6.499234258852801e-06,0.0003709960040535,1.0,0.3264662813240312,0.0,0,0.0,0,0,64,0.7767062882313744,1.1939393939393939,0.00036534817101610003,0.0003644967697947,18373290.666666668,18595840.0
t_65,paymentservice_browsing_replicas_4_users_75,paymentservice,browsing,4,75,0.0003897088956887,18751488.0,0.3897088956887599,1875148.8,10.0,4.0,2.466133795582934,28.456233440061496,1.8712891635195737e-05,0.0003897088956887,1.0,0.3399230508383282,0.0,0,0.0,0,0,65,0.7687981322874007,1.196969696969697,0.00037506722317896666,0.0003709960040535,18560341.333333332,18333696.0
t_66,paymentservice_browsing_replicas_4_users_75,paymentservice,browsing,4,75,0.0006945164583428,19169280.0,0.6945164583428356,1916928.0,10.0,4.0,2.466133795582934,28.456233440061496,0.000304807562654,0.0006945164583428,1.0,0.5211895290972884,0.0,0,0.0,0,2,66,0.7598076211353316,1.2,0.00048507378602833333,0.0003897088956887,18751488.0,18751488.0
t_67,paymentservice_browsing_replicas_4_users_75,paymentservice,browsing,4,75,0.0006996664723675,19521536.0,0.6996664723675647,1952153.6,10.0,4.0,2.466133795582934,28.456233440061496,5.150014024729067e-06,0.0006996664723675,1.0,0.526301827072084,0.0,0,0.0,0,2,67,0.7497709563904313,1.2030303030303031,0.0005946306087996667,0.0006945164583428,19147434.666666668,19169280.0
t_68,paymentservice_browsing_replicas_4_users_75,paymentservice,browsing,4,75,0.0006665639383211,19095552.0,0.6665639383211132,1909555.2,10.0,4.0,2.466133795582934,28.456233440061496,-3.310253404645151e-05,0.0006665639383211,1.0,0.5043561280694483,0.0,0,0.0,0,2,68,0.7387285521592497,1.206060606060606,0.0006869156230104666,0.0006996664723675,19262122.666666668,19521536.0
t_69,paymentservice_browsing_replicas_4_users_75,paymentservice,browsing,4,75,0.0006939717050011,79527936.0,0.6939717050011807,7952793.600000001,10.0,4.0,2.466133795582934,28.456233440061496,2.740776668006743e-05,0.0006939717050011,1.0,0.8792531921940263,0.0,0,0.0,0,2,69,0.7267248723062775,1.209090909090909,0.0006867340385632333,0.0006665639383211,39381674.666666664,19095552.0
t_70,paymentservice_browsing_replicas_4_users_75,paymentservice,browsing,4,75,0.0006988706446636,80195584.0,0.6988706446636511,8019558.4,10.0,4.0,2.466133795582934,28.456233440061496,4.89893966247048e-06,0.0006988706446636,1.0,0.8860908809058632,0.0,0,0.0,0,2,70,0.7138082514136589,1.2121212121212122,0.0006864687626619333,0.0006939717050011,59606357.333333336,79527936.0
t_71,paymentservice_browsing_replicas_4_users_75,paymentservice,browsing,4,75,0.0007206303375214,79781888.0,0.7206303375214032,7978188.800000001,10.0,4.0,2.466133795582934,28.456233440061496,2.1759692857752067e-05,0.0007206303375214,1.0,0.8963977504881668,0.0,0,0.0,0,2,71,0.7000307001548876,1.215151515151515,0.0007044908957287,0.0006988706446636,79835136.0,80195584.0
t_72,paymentservice_browsing_replicas_4_users_75,paymentservice,browsing,4,75,0.0007246133464216,80543744.0,0.724613346421677,8054374.4,10.0,4.0,2.466133795582934,28.456233440061496,3.9830089002737936e-06,0.0007246133464216,1.0,0.90325756292376,0.0,0,0.0,0,2,72,0.6854476958661817,1.2181818181818183,0.0007147047762022001,0.0007206303375214,80173738.66666667,79781888.0
t_73,paymentservice_browsing_replicas_4_users_75,paymentservice,browsing,4,75,0.0006944251566008,80441344.0,0.6944251566008758,8044134.4,10.0,4.0,2.466133795582934,28.456233440061496,-3.0188189820801225e-05,0.0006944251566008,1.0,0.8849425811595183,0.0,0,0.0,0,2,73,0.6701179591588313,1.2212121212121212,0.0007132229468479333,0.0007246133464216,80255658.66666667,80543744.0
t_74,paymentservice_browsing_replicas_4_users_75,paymentservice,browsing,4,75,0.0006764705882352,80850944.0,0.6764705882352966,8085094.4,10.0,4.0,2.466133795582934,28.456233440061496,-1.795456836557914e-05,0.0006764705882352,1.0,0.8768432987960588,0.0,0,0.0,0,2,74,0.6541032174720217,1.2242424242424241,0.0006985030304191999,0.0006944251566008,80612010.66666667,80441344.0
t_75,paymentservice_browsing_replicas_4_users_75,paymentservice,browsing,4,75,0.0006811846817754,80027648.0,0.6811846817754811,8002764.800000001,10.0,4.0,2.466133795582934,28.456233440061496,4.714093540184451e-06,0.0006811846817754,1.0,0.8747199947963261,0.0,0,0.0,0,2,75,0.6374679565182233,1.2272727272727273,0.0006840268088704666,0.0006764705882352,80439978.66666667,80850944.0
t_76,paymentservice_browsing_replicas_4_users_75,paymentservice,browsing,4,75,0.0006936343487073,80617472.0,0.6936343487073292,8061747.2,10.0,4.0,2.466133795582934,28.456233440061496,1.244966693184817e-05,0.0006936343487073,1.0,0.8855245010672974,0.0,0,0.0,0,2,76,0.6202791606219843,1.2303030303030302,0.0006837632062392999,0.0006811846817754,80498688.0,80027648.0
t_77,paymentservice_browsing_replicas_4_users_75,paymentservice,browsing,4,75,0.0006697680780865,80461824.0,0.669768078086505,8046182.4,10.0,4.0,2.466133795582934,28.456233440061496,-2.3866270620824244e-05,0.0006697680780865,1.0,0.8706014972059481,0.0,0,0.0,0,2,77,0.6026060429977005,1.2333333333333334,0.0006815290361897333,0.0006936343487073,80368981.33333333,80617472.0
t_78,paymentservice_browsing_replicas_4_users_75,paymentservice,browsing,4,75,0.0007103224290379,80351232.0,0.7103224290379023,8035123.2,10.0,4.0,2.466133795582934,28.456233440061496,4.055435095139733e-05,0.0007103224290379,1.0,0.8937321296970016,0.0,0,0.0,0,2,78,0.584519767052429,1.2363636363636363,0.0006912416186105665,0.0006697680780865,80476842.66666667,80461824.0
t_79,paymentservice_browsing_replicas_4_users_75,paymentservice,browsing,4,75,0.000701094393651,81088512.0,0.7010943936510384,8108851.2,10.0,4.0,2.466133795582934,28.456233440061496,-9.228035386863918e-06,0.000701094393651,1.0,0.8926970420008253,0.0,0,0.0,0,2,79,0.5660931598359622,1.2393939393939393,0.0006937283002584668,0.0007103224290379,80633856.0,80351232.0
t_80,paymentservice_browsing_replicas_4_users_75,paymentservice,browsing,4,75,0.0007268563128298,81014784.0,0.7268563128298807,8101478.4,0.0,4.0,2.466133795582934,28.456233440061496,2.576191917884232e-05,0.0007268563128298,-0.1111111111111111,0.9073700104049236,0.0,0,0.0,0,2,80,0.547400418792005,1.2424242424242424,0.0007127577118395666,0.000701094393651,80818176.0,81088512.0
t_81,paymentservice_browsing_replicas_4_users_75,paymentservice,browsing,4,75,0.0007130183596412,81600512.0,0.7130183596412478,8160051.2,0.0,4.0,2.466133795582934,28.456233440061496,-1.3837953188632892e-05,0.0007130183596412,1.0,0.9027311120367196,0.0,0,0.0,0,2,81,0.5285168129912549,1.2454545454545454,0.0007136563553739999,0.0007268563128298,81234602.66666667,81014784.0
t_82,paymentservice_browsing_replicas_4_users_75,paymentservice,browsing,4,75,0.0007132447777933,81645568.0,0.7132447777933565,8164556.800000001,0.0,4.0,2.466133795582934,28.456233440061496,2.264181521086225e-07,0.0007132447777933,1.0,0.903131441039284,0.0,0,0.0,0,2,82,0.5095183800494204,1.2484848484848485,0.0007177064834214333,0.0007130183596412,81420288.0,81600512.0
t_83,paymentservice_browsing_replicas_4_users_75,paymentservice,browsing,4,75,0.0007061598649892,82309120.0,0.7061598649892603,8230912.0,0.0,4.0,2.466133795582934,28.456233440061496,-7.084912804096173e-06,0.0007061598649892,1.0,0.9029156439993068,0.0,0,0.0,0,2,83,0.49048161995057965,1.2515151515151515,0.0007108076674745665,0.0007132447777933,81851733.33333333,81645568.0
t_84,paymentservice_browsing_replicas_4_users_75,paymentservice,browsing,4,75,0.0007144036445845,82657280.0,0.7144036445845061,8265728.0,0.0,4.0,2.466133795582934,28.456233440061496,8.24377959524579e-06,0.0007144036445845,1.0,0.909818279430723,0.0,0,0.0,0,2,84,0.4714831870087452,1.2545454545454544,0.0007112694291223333,0.0007061598649892,82203989.33333333,82309120.0
t_85,paymentservice_browsing_replicas_4_users_75,paymentservice,browsing,4,75,0.0007082764691432,82006016.0,0.7082764691432162,8200601.600000001,0.0,4.0,2.466133795582934,28.456233440061496,-6.127175441289837e-06,0.0007082764691432,1.0,0.902357446243365,0.0,0,0.0,0,2,85,0.4525995812079951,1.2575757575757576,0.0007096133262389667,0.0007144036445845,82324138.66666667,82657280.0
t_86,paymentservice_browsing_replicas_4_users_75,paymentservice,browsing,4,75,0.0006723735381319,81682432.0,0.6723735381319572,8168243.2,0.0,4.0,2.466133795582934,28.456233440061496,-3.590293101125906e-05,0.0006723735381319,1.0,0.8793771720185506,0.0,0,0.0,0,2,86,0.4339068401640377,1.2606060606060607,0.0006983512172865332,0.0007082764691432,82115242.66666667,82006016.0
t_87,paymentservice_browsing_replicas_4_users_75,paymentservice,browsing,4,75,0.0006154126533307,82214912.0,0.6154126533307837,8221491.2,0.0,4.0,2.466133795582934,28.456233440061496,-5.696088480117352e-05,0.0006154126533307,1.0,0.849128222315077,0.0,0,0.0,0,1,87,0.4154802329475712,1.2636363636363637,0.0006653542202019333,0.0006723735381319,81967786.66666667,81682432.0
t_88,paymentservice_browsing_replicas_4_users_75,paymentservice,browsing,4,75,0.0006347233133045,82554880.0,0.6347233133045976,8255488.0,0.0,4.0,2.466133795582934,28.456233440061496,1.931065997381402e-05,0.0006347233133045,1.0,0.8624735299541901,0.0,0,0.0,0,1,88,0.3973939570022995,1.2666666666666666,0.0006408365015890333,0.0006154126533307,82150741.33333333,82214912.0
t_89,paymentservice_browsing_replicas_4_users_75,paymentservice,browsing,4,75,0.0006428994810965,82898944.0,0.6428994810965946,8289894.4,0.0,4.0,2.466133795582934,28.456233440061496,8.176167791996915e-06,0.0006428994810965,1.0,0.8693121872255317,0.0,0,0.0,0,1,89,0.3797208393780157,1.2696969696969698,0.0006310118159105665,0.0006347233133045,82556245.33333333,82554880.0
t_90,paymentservice_browsing_replicas_4_users_75,paymentservice,browsing,4,75,0.0006330718518187,83390464.0,0.6330718518187333,8339046.4,0.0,4.0,2.466133795582934,28.456233440061496,-9.827629277861276e-06,0.0006330718518187,1.0,0.8664661909470709,0.0,0,0.0,0,1,90,0.36253204348177703,1.2727272727272727,0.0006368982154065666,0.0006428994810965,82948096.0,82898944.0
t_91,paymentservice_browsing_replicas_4_users_75,paymentservice,browsing,4,75,0.0006570579494799,83976192.0,0.6570579494799419,8397619.200000001,0.0,4.0,2.466133795582934,28.456233440061496,2.3986097661208585e-05,0.0006570579494799,1.0,0.8840131058764392,0.0,0,0.0,0,2,91,0.34589678252797795,1.2757575757575759,0.0006443430941317001,0.0006330718518187,83421866.66666667,83390464.0
t_92,paymentservice_browsing_replicas_4_users_75,paymentservice,browsing,4,75,0.0006539085857654,83300352.0,0.6539085857654658,8330035.2,0.0,4.0,2.466133795582934,28.456233440061496,-3.149363714475997e-06,0.0006539085857654,1.0,0.8781529958170378,0.0,0,0.0,0,2,92,0.3298820408411687,1.2787878787878788,0.0006480127956880001,0.0006570579494799,83555669.33333333,83976192.0
t_93,paymentservice_browsing_replicas_4_users_75,paymentservice,browsing,4,75,0.0006733174581528,82960384.0,0.6733174581528134,8296038.4,0.0,4.0,2.466133795582934,28.456233440061496,1.940887238734753e-05,0.0006733174581528,1.0,0.8875187489086829,0.0,0,0.0,0,2,93,0.3145523041338184,1.2818181818181817,0.0006614279977993666,0.0006539085857654,83412309.33333333,83300352.0
t_94,paymentservice_browsing_replicas_4_users_75,paymentservice,browsing,4,75,0.000680722437689,83189760.0,0.6807224376890332,8318976.0,0.0,4.0,2.466133795582934,28.456233440061496,7.40497953621974e-06,0.000680722437689,1.0,0.8932240963648544,0.0,0,0.0,0,2,94,0.29996929984511245,1.284848484848485,0.0006693161605357333,0.0006733174581528,83150165.33333333,82960384.0
t_95,paymentservice_browsing_replicas_4_users_75,paymentservice,browsing,4,75,0.0006603291769825,82706432.0,0.6603291769825842,8270643.2,0.0,4.0,2.466133795582934,28.456233440061496,-2.0393260706449e-05,0.0006603291769825,1.0,0.8783925772217092,0.0,0,0.0,0,2,95,0.2861917485863411,1.2878787878787878,0.0006714563576080999,0.000680722437689,82952192.0,83189760.0
t_96,paymentservice_browsing_replicas_4_users_75,paymentservice,browsing,4,75,0.0007252273764792,84017152.0,0.7252273764792632,8401715.200000001,0.0,4.0,2.466133795582934,28.456233440061496,6.489819949667902e-05,0.0007252273764792,1.0,0.924241295326942,0.0,0,0.0,0,2,96,0.27327512769372253,1.290909090909091,0.0006887596637168999,0.0006603291769825,83304448.0,82706432.0
t_97,paymentservice_browsing_replicas_4_users_75,paymentservice,browsing,4,75,0.0007252273764792,83582976.0,0.7252273764792632,8358297.600000001,0.0,4.0,2.466133795582934,28.456233440061496,6.489819949667902e-05,0.0007252273764792,1.0,0.924241295326942,0.0,0,0.0,0,1,97,0.2612714478407504,1.293939393939394,0.0006927782767308498,0.0007252273764792,83435520.0,84017152.0
t_98,paymentservice_browsing_replicas_4_users_75,paymentservice,browsing,4,75,0.0007252273764792,84209664.0,0.7252273764792632,8420966.4,0.0,4.0,2.466133795582934,28.456233440061496,6.489819949667902e-05,0.0007252273764792,1.0,0.924241295326942,0.0,0,0.0,0,1,98,0.25022904360956866,1.2969696969696969,0.0007252273764792,0.000181523607058,83936597.33333333,83582976.0
t_99,paymentservice_browsing_replicas_4_users_75,paymentservice,browsing,4,75,0.0007252273764792,84127744.0,0.7252273764792632,8412774.4,0.0,4.0,2.466133795582934,28.456233440061496,6.489819949667902e-05,0.0007252273764792,1.0,0.924241295326942,0.0,0,0.0,0,1,99,0.24019237886466838,1.3,0.0007252273764792,0.000181523607058,83973461.33333333,84209664.0
